to_send1_agricol = {"lat": 45.838831, "lon": 27.435044, "ip": ip}
to_send2_kligoru_mic = {"lat": 45.840892, "lon": 27.428239, "ip": ip}
to_send3_cina = {"lat": 45.847986, "lon": 27.422621, "ip": ip}

update1_agricol = {
    "rsu_id": "224785608",
    "country": "Romania",
    "county": "Galati",
    "city": "Tecuci",
    "entered": [5, 9, 13, 18, 25, 28, 33, 37, 41, 47, 55, 58, 63, 65, 70, 75, 84, 90, 92, 100, 103, 110, 115, 118, 121, 128, 133, 137, 143, 150, 154, 159, 161, 167, 170, 176, 181, 190, 192, 197, 205, 208, 215, 215, 221, 229, 234, 236, 243, 249, 253, 259, 263, 270, 270, 280, 284, 289, 292, 298, 305, 309, 314, 316, 323, 327, 333, 337, 342, 346, 353, 355],
    "exited": 62,
    "ip": "192.168.1.129"
    
}
update2_kligoru_mic = {
    "rsu_id": "224773676",
    "country": "Romania",
    "county": "Galati",
    "city": "Tecuci",
    "entered": [1, 8, 12, 20, 25, 25, 33, 35, 42, 50, 52, 60, 60, 70, 70, 78, 82, 88, 95, 95, 102, 105, 115, 118, 122, 127, 132, 139, 140, 146, 152, 157, 162, 165, 173, 177, 184, 190, 193, 197, 202, 207, 214, 218, 224, 228, 231, 240, 240, 246, 250, 255, 265, 267, 272, 279, 282, 287, 290, 296, 304, 307, 312, 318, 324, 325, 333, 335, 340, 347, 355, 359],
    "exited": 56,
    "ip": "192.168.1.128"
    
}
update3_cina = {
    "rsu_id": "224791767",
    "country": "Romania",
    "county": "Galati",
    "city": "Tecuci",
    "entered": [3, 8, 13, 18, 21, 26, 35, 37, 41, 46, 52, 56, 65, 68, 74, 80, 84, 88, 92, 97, 104, 107, 113, 117, 123, 128, 130, 137, 145, 150, 154, 158, 161, 165, 173, 180, 182, 185, 193, 198, 200, 210, 213, 217, 222, 230, 230, 239, 242, 250, 255, 256, 262, 265, 275, 280, 280, 289, 292, 298, 302, 310, 311, 319, 325, 330, 332, 338, 343, 348, 352, 359],
    "exited": 89,
    "ip": "192.168.1.127"
    
}
